0.008061733646290368 0.0004898169681004848 -0.0003570491302810336 0.0038685923110145393 -0.0005240033207266915 0.0020416166797146513 -0.0003286394667999261 0.0010546979042694803 0.0004898169681004848 0.07246544337934613 0.0017768190569957096 -0.0022509663979776084 -0.0016073522036012828 -5.0686109697568414e-5 -0.008263647003750221 -0.013922064124705875 -0.0003570491302810336 0.0017768190569957096 0.015118289912956167 0.0020620695048649876 0.006425217811747248 0.00017323907988658172 -0.0002605260957227265 -0.00548349984171268 0.0038685923110145393 -0.0022509663979776084 0.0020620695048649876 0.06069326082969018 -0.0007823738065523534 0.000318955569289368 -0.0058963053294824805 0.0019125341727442477 -0.0005240033207266915 -0.0016073522036012828 0.006425217811747248 -0.0007823738065523534 0.19783193633996202 -0.0015691720305761533 0.025825769139502457 0.02779173972603887 0.0020416166797146513 -5.0686109697568414e-5 0.00017323907988658172 0.000318955569289368 -0.0015691720305761533 0.007937169901302877 -0.0020079227324351395 0.0037868040777034357 -0.0003286394667999261 -0.008263647003750221 -0.0002605260957227265 -0.0058963053294824805 0.025825769139502457 -0.0020079227324351395 0.09233527301450342 -0.013721926278252892 0.0010546979042694803 -0.013922064124705875 -0.00548349984171268 0.0019125341727442477 0.02779173972603887 0.0037868040777034357 -0.013721926278252892 0.17238813675788997