0.5506851206636186 0.2840007432604679 0.14897916149801876 -0.1187029090581009 -0.22003773754658396 0.3762990972106091 0.2754374184531143 0.3401998159752492 0.2840007432604679 0.5230948978983343 0.21821381300197426 -0.26208061528633797 -0.513730227169276 0.225184985552036 0.3317010842472778 0.43060409088494617 0.14897916149801876 0.21821381300197426 0.4242151788507435 -0.22655545767928134 -0.2117698257408571 0.18326331392781794 0.17899357248002415 0.14283606524362982 -0.1187029090581009 -0.26208061528633797 -0.22655545767928134 1.2235316387486965 -0.050918969101726066 -0.20025758696386609 -0.14521914624591065 -0.38847027725607935 -0.22003773754658396 -0.513730227169276 -0.2117698257408571 -0.050918969101726066 1.2672633545424528 -0.1335718696059146 -0.5268083394535565 -0.3119424648735317 0.3762990972106091 0.225184985552036 0.18326331392781794 -0.20025758696386609 -0.1335718696059146 0.3479169740775624 0.18609412608995032 0.2670785953564411 0.2754374184531143 0.3317010842472778 0.17899357248002415 -0.14521914624591065 -0.5268083394535565 0.18609412608995032 0.736985825792593 0.32687815840336953 0.3401998159752492 0.43060409088494617 0.14283606524362982 -0.38847027725607935 -0.3119424648735317 0.2670785953564411 0.32687815840336953 0.6389009338206574